2023 3 11 20:18:01
2023 3 16 11:56:07
2023 3 24 23:57:58
2023 5 25 20:03:05
2023 5 25 20:12:29
2023 5 25 20:21:14
2023 5 25 20:31:43
2023 5 25 20:33:23
2023 5 25 20:35:08
2023 5 25 20:37:22
2023 5 25 20:40:48
2023 5 25 20:41:31
2023 5 25 20:42:27
2023 5 25 20:54:03
2023 5 25 20:54:03
2023 5 25 20:55:38
2023 5 25 20:58:28
2023 5 25 20:58:28
2023 5 25 21:28:45
2023 5 25 21:30:18
2023 5 25 21:36:55
2023 5 28 23:03:30
2023 5 28 23:03:33
2023 5 28 23:03:34
2023 5 28 23:09:58
2023 5 28 23:12:28
2023 5 28 23:12:56
2023 5 28 23:15:46
2023 5 28 23:22:15
2023 5 28 23:23:14
2023 5 28 23:23:17
2023 5 28 23:23:20
2023 5 28 23:26:29
2023 5 28 23:27:38
2023 5 28 23:29:55
2023 5 28 23:30:42
2023 5 28 23:32:20
2023 5 28 23:33:04
2023 5 28 23:33:38
2023 5 28 23:35:09
2023 5 28 23:36:53
2023 5 28 23:37:22
2023 5 28 23:38:45
2023 5 28 23:39:59
2023 5 28 23:41:48
2023 5 28 23:42:42
2023 5 28 23:43:37
2023 5 28 23:44:22
2023 5 28 23:45:13
2023 5 28 23:46:28
2023 5 28 23:48:26
2023 5 28 23:49:24
2023 5 28 23:51:24
2023 5 28 23:52:25
2023 5 28 23:53:07
2023 5 28 23:54:31
2023 5 28 23:56:48
2023 5 28 23:57:43
2023 5 28 23:58:33
2023 5 28 23:59:33
2023 5 29 00:01:28
2023 5 29 00:02:28
2023 5 29 22:25:57
2023 6 5 19:04:36
2023 6 6 20:23:04
2023 6 10 00:06:53
2023 6 10 00:06:59
2023 6 10 00:07:01
2023 6 11 00:10:43
2023 6 14 22:59:58
2023 6 15 22:30:34
2023 6 16 21:22:10
2023 6 16 21:22:13
2023 6 16 21:24:07
2023 6 23 22:49:03
2023 6 23 22:55:18
2023 6 25 00:44:57
2023 6 25 23:00:32
2023 6 27 21:20:05
2023 7 3 08:21:27
2023 7 3 08:31:33
2023 7 3 08:39:25
2023 7 3 08:46:34
2023 7 3 08:52:24
2023 7 3 08:53:48
2023 7 3 08:59:37
2023 7 3 09:02:11
2023 7 3 09:04:30
2023 7 3 09:08:44
2023 7 3 09:11:57
2023 7 3 09:13:58
2023 7 3 09:16:08
2023 7 3 09:17:14
2023 7 3 09:19:11
2023 7 3 09:20:13
2023 7 3 09:22:20
2023 7 3 09:22:23
2023 7 3 09:22:23
2023 7 3 09:23:05
2023 7 3 09:23:39
2023 7 10 22:42:23
2023 7 19 19:05:33
2023 7 24 22:40:26
2023 7 24 22:47:10
2023 7 26 15:14:49
2023 7 28 23:45:43
2023 7 29 00:22:39
2023 7 29 00:23:03
2023 8 12 17:00:32
2023 8 24 23:35:12
2023 8 26 23:56:46
2023 10 8 15:07:35
2023 10 24 23:34:33
2023 12 17 13:28:04
2023 12 28 16:49:15
2023 12 30 17:28:53
2023 12 30 18:01:05
2023 12 31 08:06:06
2023 12 31 08:08:39
2023 12 31 08:09:35