2023 6 5 07:23:11
2023 6 6 19:38:01
2023 6 8 21:13:18
2023 6 10 23:57:28
2023 6 11 00:09:54
2023 6 14 22:55:52
2023 6 15 20:56:11
2023 6 16 21:20:40
2023 6 23 22:45:40
2023 6 25 00:38:55
2023 6 26 00:14:20
2023 6 27 19:06:37
2023 6 29 21:25:45
2023 6 30 21:10:06
2023 7 1 21:32:56
2023 7 3 08:04:15
2023 7 7 18:28:01
2023 7 10 22:41:23
2023 7 15 01:15:50
2023 7 19 12:42:05
2023 7 20 00:01:46
2023 7 22 09:26:27
2023 7 24 22:24:39
2023 7 25 10:05:49
2023 7 26 14:55:34
2023 7 27 22:13:24
2023 7 28 23:39:27
2023 7 29 00:21:18
2023 8 1 23:57:22
2023 8 2 15:19:46
2023 8 3 23:52:24
2023 8 7 22:29:19
2023 8 12 16:53:46
2023 8 16 22:57:43
2023 8 17 22:18:51
2023 8 20 03:23:19
2023 8 24 23:15:35
2023 8 26 23:45:05
2023 8 28 23:23:55
2023 8 29 12:13:16
2023 8 30 20:13:58
2023 8 31 23:54:57
2023 9 1 23:30:37
2023 9 2 12:03:57
2023 9 3 20:10:56
2023 9 4 21:12:10
2023 9 5 23:50:31
2023 9 6 22:31:26
2023 9 7 11:41:04
2023 9 8 23:20:29
2023 9 17 23:37:19
2023 10 5 15:31:44
2023 10 8 15:07:16
2023 10 10 21:35:26