2023 3 14 07:52:05
2023 3 14 20:26:42
2023 5 31 21:36:36
2023 5 31 21:39:44
2023 6 5 21:12:02
2023 6 8 22:36:11
2023 6 25 00:44:28
2023 6 30 21:14:29
2023 6 30 21:16:15
2023 6 30 22:09:33
2023 7 1 21:40:19
2023 7 3 08:07:07
2023 7 3 08:08:55
2023 7 3 08:10:32
2023 7 3 08:10:36
2023 7 3 08:10:37
2023 7 3 08:11:35
2023 7 7 18:28:53
2023 7 7 18:29:12
2023 7 7 20:53:50
2023 7 15 01:19:19
2023 7 19 12:43:01
2023 7 24 22:38:59
2023 7 29 18:01:10
2023 8 29 22:48:47
2023 8 30 20:20:39
2023 9 1 23:37:09
2023 9 3 20:13:39
2023 9 4 21:12:57
2023 10 5 15:32:34
2023 10 8 15:07:58
2023 10 8 15:08:11
2023 10 8 15:08:25
2023 10 8 15:08:40
2023 10 8 15:09:45
2023 10 11 11:14:44
2023 10 21 13:42:05
2023 10 24 23:28:12
2023 10 25 18:44:19
2023 12 15 21:59:23
2023 12 15 22:00:41
2023 12 15 22:01:17
2023 12 15 22:01:37
2023 12 15 22:02:08
2023 12 24 21:13:59
2023 12 28 16:48:22
2023 12 30 17:25:36
2023 12 31 08:13:14