2023 3 18 13:33:29
2023 3 24 23:57:52
2023 5 25 20:06:33
2023 5 25 20:06:33
2023 5 27 22:21:39
2023 5 27 22:23:48
2023 5 29 22:28:12
2023 5 30 21:03:28
2023 5 31 21:34:35
2023 5 31 21:34:39
2023 5 31 21:34:45
2023 6 5 07:44:40
2023 6 5 07:46:36
2023 6 5 07:51:36
2023 6 5 07:52:47
2023 6 5 07:53:56
2023 6 5 07:56:29
2023 6 5 07:57:22
2023 6 5 07:58:34
2023 6 5 08:00:11
2023 6 5 08:02:50
2023 6 5 08:04:29
2023 6 5 08:05:16
2023 6 5 08:05:57
2023 6 5 08:07:27
2023 6 5 08:08:14
2023 6 5 08:09:12
2023 6 5 08:10:40
2023 6 5 08:11:37
2023 6 5 08:12:19
2023 6 5 08:14:05
2023 6 5 08:15:07
2023 6 5 08:15:24
2023 6 5 08:26:17
2023 6 5 08:26:29
2023 6 5 08:27:47
2023 6 5 08:46:29
2023 6 5 08:52:01
2023 6 5 08:53:11
2023 6 5 08:54:00
2023 6 5 08:57:06
2023 6 5 08:57:15
2023 6 5 08:58:26
2023 6 5 09:01:35
2023 6 5 09:02:24
2023 6 5 09:03:35
2023 6 5 09:04:45
2023 6 5 09:07:18
2023 6 5 09:08:29
2023 6 5 09:08:41
2023 6 5 09:11:15
2023 6 5 09:12:34
2023 6 5 09:15:01
2023 6 5 09:16:06
2023 6 5 09:18:20
2023 6 5 09:19:29
2023 6 5 09:21:17
2023 6 5 09:26:24
2023 6 5 09:28:36
2023 6 5 09:30:51
2023 6 5 09:32:52
2023 6 5 09:33:18
2023 6 5 19:02:49
2023 6 5 21:12:40
2023 6 5 21:12:51
2023 6 5 21:26:48
2023 6 5 21:34:19
2023 6 5 21:34:26
2023 6 5 21:35:23
2023 6 5 21:35:33
2023 6 5 21:35:35
2023 6 5 21:35:51
2023 6 5 21:38:23
2023 6 5 21:38:49
2023 6 6 20:23:51
2023 6 8 22:37:15
2023 6 10 00:04:48
2023 6 16 22:36:33
2023 6 23 22:48:48
2023 6 29 21:29:43
2023 6 30 22:12:03
2023 7 10 22:44:43
2023 7 15 01:22:12
2023 7 28 23:43:31
2023 7 28 23:45:37
2023 8 16 23:04:50
2023 8 24 23:18:01
2023 8 29 22:50:57
2023 9 1 23:36:23
2023 9 5 23:59:20
2023 9 6 22:32:30
2023 9 7 22:33:12
2023 9 8 23:28:52
2023 9 17 23:45:34
2023 9 17 23:56:35
2023 10 20 20:14:07
2023 10 24 23:31:54