2023 5 28 18:07:49
2023 5 28 18:11:08
2023 5 28 18:12:19
2023 5 28 18:14:33
2023 5 28 18:15:41
2023 5 28 18:17:14
2023 5 28 18:19:08
2023 5 28 18:23:13
2023 5 28 18:23:47
2023 5 28 18:24:12
2023 5 28 18:27:13
2023 5 28 18:27:45
2023 5 28 18:28:07
2023 5 28 18:31:28
2023 5 28 18:32:32
2023 5 28 22:59:57
2023 5 28 23:01:55
2023 5 28 23:02:48
2023 5 28 23:09:48
2023 5 28 23:12:23
2023 5 28 23:12:51
2023 5 28 23:15:39
2023 5 28 23:22:08
2023 5 28 23:23:09
2023 5 28 23:26:24
2023 5 28 23:27:33
2023 5 28 23:29:49
2023 5 28 23:30:37
2023 5 28 23:32:16
2023 5 28 23:33:00
2023 5 28 23:33:33
2023 5 28 23:35:01
2023 5 28 23:36:46
2023 5 28 23:37:15
2023 5 28 23:38:39
2023 5 28 23:39:54
2023 5 28 23:41:46
2023 5 28 23:42:35
2023 5 28 23:43:36
2023 5 28 23:44:16
2023 5 28 23:45:12
2023 5 28 23:46:23
2023 5 28 23:48:20
2023 5 28 23:49:20
2023 5 28 23:51:19
2023 5 28 23:52:21
2023 5 28 23:53:03
2023 5 28 23:54:26
2023 5 28 23:56:44
2023 5 28 23:57:38
2023 5 28 23:58:25
2023 5 28 23:59:32
2023 5 29 00:01:16
2023 5 29 00:02:20