2023 3 16 21:59:31
2023 3 24 23:56:04
2023 3 25 22:45:16
2023 5 25 20:07:34
2023 5 27 22:22:06
2023 5 28 23:03:00
2023 5 29 22:26:20
2023 5 30 21:03:53
2023 6 4 18:09:59
2023 6 5 21:12:12
2023 6 6 20:20:45
2023 6 8 22:34:41
2023 6 10 00:06:45
2023 6 14 22:57:44
2023 6 15 21:00:21
2023 6 16 21:23:09
2023 6 16 21:25:04
2023 6 23 22:46:27
2023 6 25 00:39:22
2023 6 25 22:48:42
2023 6 27 22:48:33
2023 6 29 21:30:25
2023 6 30 21:17:09
2023 7 1 21:44:04
2023 7 7 20:55:10
2023 7 19 23:27:25
2023 7 24 22:28:57
2023 7 24 22:29:02
2023 7 27 22:34:12
2023 7 28 23:40:14
2023 7 29 23:28:08
2023 8 1 23:57:58
2023 8 2 23:28:47
2023 8 3 23:53:32
2023 8 7 22:33:35
2023 8 16 22:58:33
2023 8 17 22:19:39
2023 8 24 23:18:23
2023 8 26 23:54:54
2023 8 28 23:27:37
2023 8 29 22:47:27
2023 8 30 20:20:59
2023 8 31 23:55:35
2023 9 1 23:31:49
2023 9 3 20:14:01
2023 9 4 21:13:14
2023 9 5 23:51:21
2023 9 6 22:32:46
2023 9 7 22:29:59
2023 9 8 23:21:26
2023 9 17 23:37:50
2023 10 5 15:33:24
2023 10 10 21:36:10
2023 10 20 20:15:30
2023 10 24 23:28:25
2023 12 15 22:02:50