2024 1 6 14:43:08
2024 1 8 00:10:41
2024 1 9 06:35:51
2024 1 10 19:58:29
2024 1 11 20:23:11
2024 1 12 22:34:27
2024 1 13 23:22:54
2024 1 14 21:07:42
2024 1 15 21:59:04
2024 1 16 22:43:05
2024 1 18 22:01:59
2024 1 19 00:38:21
2024 1 20 21:35:53
2024 1 21 20:01:17
2024 1 22 17:17:15
2024 1 23 22:20:26
2024 1 24 23:46:58
2024 1 25 22:33:17
2024 1 26 16:20:25
2024 1 27 11:02:27
2024 1 28 00:10:12
2024 1 29 04:42:44
2024 1 30 16:12:03
2024 1 31 00:00:41
2024 2 1 01:14:11
2024 2 2 21:24:34
2024 2 3 10:39:13
2024 2 4 23:29:25
2024 2 5 23:46:02
2024 2 6 10:28:26
2024 2 7 23:55:43
2024 2 8 22:59:13
2024 2 9 17:30:51
2024 2 10 00:38:28
2024 2 11 23:10:50
2024 2 12 22:33:50
2024 2 13 23:38:43
2024 2 14 00:01:38
2024 2 15 00:28:40
2024 2 16 22:22:36