2024 1 6 16:42:36
2024 1 6 16:43:00
2024 1 8 00:11:29
2024 1 8 22:35:42
2024 1 9 21:38:41
2024 1 14 21:09:00
2024 1 15 22:02:11
2024 1 19 01:01:19
2024 1 21 20:03:00
2024 1 22 20:14:08
2024 1 27 23:51:37
2024 1 29 22:13:29
2024 1 29 22:13:42
2024 1 30 16:23:38
2024 2 4 23:33:05
2024 2 6 10:30:15
2024 2 8 23:01:04
2024 2 9 17:32:03
2024 2 11 23:17:09
2024 2 12 22:37:33
2024 2 16 22:27:10
2024 2 17 23:53:39
2024 2 26 22:23:28
2024 2 29 04:07:24
2024 3 3 00:26:01
2024 3 3 00:26:16
2024 3 9 22:16:42
2024 3 9 22:16:59