2024 1 8 00:21:04
2024 1 8 22:39:08
2024 1 12 22:41:06
2024 1 13 23:26:53
2024 1 18 22:04:00
2024 1 22 17:18:37
2024 1 22 20:29:18
2024 1 27 11:14:17
2024 1 31 20:30:26
2024 2 15 23:17:40
2024 2 26 22:28:03
2024 3 9 22:19:26
2024 3 13 23:56:11
2024 3 20 13:35:33
2024 4 14 22:40:26
2024 5 5 21:56:01
2024 6 2 13:01:03
2024 6 22 20:35:29
2024 7 4 23:11:50
2024 8 30 21:32:07
2024 8 31 21:11:51
2024 9 3 21:45:52
2024 9 4 22:47:31
2024 9 11 22:59:12
2024 9 11 22:59:20
2024 9 11 23:00:58
2024 9 13 22:49:54
2024 9 14 20:52:32
2024 9 16 12:07:44
2024 9 16 12:10:37
2024 9 16 23:13:36
2024 9 16 23:15:23
2024 9 16 23:18:51
2024 9 16 23:21:05
2024 9 16 23:21:08
2024 9 16 23:21:10
2024 9 16 23:21:12
2024 9 16 23:22:59
2024 9 16 23:23:01
2024 9 16 23:23:02
2024 9 16 23:23:04
2024 9 17 10:15:10
2024 9 17 10:29:01
2024 9 17 10:48:53
2024 9 17 23:35:03
2024 9 19 19:54:58
2024 9 19 20:07:12
2024 9 19 22:59:38
2024 9 20 22:28:34
2024 9 26 11:00:33
2024 9 27 21:58:28
2024 9 28 20:37:03
2024 9 29 19:20:49
2024 10 4 23:37:26
2024 10 5 23:09:03
2024 10 6 23:02:22
2024 10 10 23:44:51
2024 10 12 14:58:30
2024 10 12 23:59:42
2024 10 14 04:01:30
2024 10 14 23:14:43
2024 10 16 23:40:30
2024 10 17 23:44:50
2024 10 20 22:15:37
2024 10 27 14:37:18
2024 10 28 23:41:10
2024 10 31 22:31:44
2024 11 2 13:25:31
2024 11 5 23:42:46
2024 11 12 23:15:27
2024 11 14 22:48:06
2024 11 19 23:57:25
2024 11 24 11:42:50
2024 12 1 02:00:50
2024 12 1 02:06:16
2024 12 1 02:10:31
2024 12 2 01:41:03
2024 12 2 01:45:08
2024 12 2 20:27:58
2024 12 5 23:35:11
2024 12 7 22:58:48
2024 12 7 23:05:11
2024 12 9 17:59:01