2024 1 6 14:50:27
2024 1 8 00:12:32
2024 1 8 22:33:06
2024 1 9 21:35:49
2024 1 10 19:59:00
2024 1 11 20:23:39
2024 1 12 22:34:58
2024 1 13 23:23:24
2024 1 14 22:05:37
2024 1 15 21:59:40
2024 1 18 22:04:09
2024 1 19 23:20:09
2024 1 20 21:46:16
2024 1 21 22:12:12
2024 1 22 17:19:20
2024 1 23 22:21:45
2024 1 24 23:48:19
2024 1 25 22:34:47
2024 1 26 22:23:48
2024 1 27 23:51:56
2024 1 28 21:26:10
2024 1 29 22:12:35
2024 1 30 21:55:03
2024 1 31 20:25:46
2024 2 1 23:43:47
2024 2 2 21:25:04
2024 2 3 23:41:14
2024 2 4 23:30:30
2024 2 5 23:46:43
2024 2 6 22:39:59
2024 2 7 23:56:18
2024 2 8 22:59:49
2024 2 10 00:38:56
2024 2 10 23:02:41
2024 2 11 23:11:57
2024 2 12 22:34:50
2024 2 13 23:39:29
2024 2 15 00:29:14
2024 2 15 23:16:22
2024 2 17 23:52:52
2024 2 24 23:54:56
2024 2 26 22:26:13