2024 1 8 00:22:07
2024 1 8 22:42:16
2024 1 8 22:43:51
2024 1 14 21:23:03
2024 1 14 21:25:32
2024 1 14 21:34:02
2024 1 14 21:35:06
2024 1 14 21:35:53
2024 1 14 21:38:44
2024 1 14 21:39:38
2024 1 14 22:08:41
2024 1 14 22:09:37
2024 1 14 22:10:32
2024 1 14 22:10:48
2024 1 14 22:11:23
2024 1 14 22:12:25
2024 1 16 23:04:16
2024 1 18 22:14:13
2024 1 20 21:36:31
2024 1 20 21:39:07
2024 1 20 21:40:54
2024 1 20 21:42:03
2024 1 20 21:44:55
2024 1 20 22:09:16
2024 1 21 22:11:48
2024 1 21 22:18:19
2024 1 21 22:21:29
2024 1 21 23:20:18
2024 1 21 23:34:58
2024 1 22 19:34:48
2024 1 22 20:25:10
2024 1 22 20:27:51
2024 1 22 20:35:44
2024 1 25 22:36:55
2024 1 25 22:36:58
2024 1 25 22:37:21
2024 1 26 16:23:05
2024 1 26 16:24:20
2024 1 26 22:23:33
2024 1 26 22:24:07
2024 1 26 22:24:10
2024 1 27 23:58:57
2024 1 27 00:03:30
2024 1 27 00:07:03
2024 1 27 00:08:34
2024 1 31 20:33:41
2024 2 10 21:39:19
2024 2 10 21:53:33
2024 2 10 22:06:03
2024 2 10 22:11:27
2024 2 10 22:12:44
2024 2 10 22:13:47
2024 2 10 22:15:45
2024 2 10 22:16:26
2024 2 10 22:22:00
2024 2 10 22:24:09
2024 2 10 22:24:50
2024 2 10 22:26:57
2024 2 10 22:28:18
2024 2 10 22:29:02
2024 2 10 22:29:33
2024 2 10 22:31:12
2024 2 10 22:32:53
2024 2 10 22:35:33
2024 2 10 22:36:15
2024 2 10 22:37:24
2024 2 10 22:38:23
2024 2 10 22:41:02
2024 2 10 22:41:56
2024 2 10 22:43:18
2024 2 10 22:43:58
2024 2 10 22:46:11
2024 2 10 22:46:53
2024 2 10 22:48:38
2024 2 10 22:55:36
2024 2 13 23:59:03
2024 2 14 00:01:58
2024 2 14 00:04:33
2024 2 16 22:28:30