2024 1 6 14:43:18
2024 1 6 14:51:58
2024 1 6 14:53:20
2024 1 6 15:02:35
2024 1 6 15:03:40
2024 1 6 15:05:20
2024 1 6 15:07:17
2024 1 6 15:08:28
2024 1 6 15:10:34
2024 1 6 15:12:11
2024 1 6 15:12:57
2024 1 6 15:16:39
2024 1 6 15:17:08
2024 1 6 15:18:55
2024 1 6 15:21:23
2024 1 6 15:22:49
2024 1 6 15:23:33
2024 1 6 15:24:42
2024 1 6 15:25:15
2024 1 6 15:30:06
2024 1 6 15:32:17
2024 1 6 15:36:42
2024 1 6 16:41:46
2024 1 6 16:51:52
2024 1 6 16:54:10
2024 1 6 16:56:37
2024 1 6 16:58:02
2024 1 6 16:59:17
2024 1 6 17:00:26
2024 1 6 17:02:19
2024 1 6 17:07:55
2024 1 6 17:11:37
2024 1 6 17:11:56
2024 1 6 17:12:29
2024 1 6 17:18:43
2024 1 6 17:19:50
2024 1 6 17:22:09
2024 1 6 17:23:39
2024 1 6 17:24:24
2024 1 6 17:25:00
2024 1 6 17:28:25
2024 1 6 17:34:44
2024 1 6 17:36:52
2024 1 6 17:37:36
2024 1 6 17:38:10