2025 1 2 11:23:53
2025 1 2 22:38:20
2025 1 2 22:39:15
2025 1 2 22:40:59
2025 1 2 22:45:48
2025 1 2 22:49:01
2025 1 2 22:56:13
2025 1 2 22:58:08
2025 1 2 22:59:16
2025 1 2 23:00:04
2025 1 2 23:01:06
2025 1 2 23:08:38
2025 1 2 23:12:44
2025 1 2 23:13:10
2025 1 2 23:15:10
2025 1 2 23:15:48
2025 1 2 23:17:00
2025 1 2 23:17:30
2025 1 2 23:19:31
2025 1 2 23:21:18
2025 1 2 23:23:03
2025 1 2 23:23:38
2025 1 2 23:24:52
2025 1 2 23:25:54
2025 1 2 23:31:58
2025 1 2 23:32:53
2025 1 2 23:34:35
2025 1 2 23:36:19
2025 1 7 23:44:24
2025 1 7 23:50:24
2025 1 9 23:02:44