2025 1 2 11:23:53
2025 1 7 23:44:20
2025 1 9 23:02:40
2025 1 11 22:19:04
2025 1 13 20:40:50
2025 1 14 23:32:19
2025 1 15 22:51:05
2025 1 16 22:59:26
2025 1 22 22:12:10
2025 1 23 23:28:12
2025 1 30 23:13:24
2025 2 13 22:27:46
2025 2 14 22:26:12
2025 2 16 22:38:42
2025 2 17 22:15:12
2025 2 19 22:42:31
2025 2 20 21:44:00
2025 2 21 22:48:33
2025 2 22 10:12:43
2025 2 24 23:19:54
2025 2 27 00:42:27
2025 2 28 20:14:33
2025 3 1 14:17:22
2025 3 19 23:10:39
2025 3 22 23:51:14
2025 3 23 00:17:06
2025 4 1 22:32:11
2025 4 3 22:42:09
2025 5 12 08:18:02
2025 5 13 22:38:02
2025 5 28 20:53:48
2025 5 30 14:05:14
2025 6 5 21:15:24
2025 6 11 10:10:25
2025 6 16 10:01:09
2025 6 24 12:47:32
2025 6 26 15:39:08
2025 6 27 10:40:34
2025 6 30 09:18:41
2025 7 2 13:52:44
2025 7 3 18:19:56
2025 7 7 10:42:32
2025 7 8 11:41:15
2025 7 9 17:33:54
2025 7 15 18:06:25
2025 7 16 17:09:21
2025 7 18 17:22:49
2025 7 22 13:39:14
2025 7 23 17:59:42
2025 7 24 17:34:59
2025 7 29 14:24:49
2025 7 30 13:50:11
2025 7 31 17:52:52
2025 8 1 18:11:35
2025 8 6 18:23:31
2025 8 12 14:47:38