2025 1 2 22:41:15
2025 1 7 23:44:43
2025 1 9 23:03:21
2025 1 13 20:42:40
2025 1 14 23:33:19
2025 1 15 22:51:41
2025 1 16 23:03:05
2025 1 22 22:21:31
2025 1 23 23:33:17
2025 1 30 23:14:01
2025 2 13 22:28:29
2025 2 14 22:26:41
2025 2 16 22:39:14
2025 2 17 22:15:40
2025 2 19 22:42:59
2025 2 20 21:44:29
2025 2 20 21:44:49
2025 2 21 22:49:03
2025 2 22 21:53:03
2025 2 24 23:22:42
2025 2 27 00:42:56
2025 2 27 23:58:26
2025 2 28 20:15:02
2025 3 19 23:10:45
2025 4 1 22:32:43
2025 4 3 23:09:47
2025 5 13 22:43:54
2025 5 28 20:54:32