2025 1 7 23:55:58
2025 1 7 00:03:47
2025 1 9 23:03:08
2025 1 13 20:42:25
2025 1 14 23:36:52
2025 1 22 22:20:03
2025 1 23 23:32:51
2025 2 13 22:31:13
2025 2 14 22:32:13
2025 2 16 22:43:40
2025 2 20 21:50:12
2025 3 1 15:37:52
2025 3 19 23:15:38
2025 3 23 00:17:37
2025 3 23 00:20:43
2025 4 1 22:52:21
2025 4 3 23:07:02
2025 5 12 08:21:03
2025 5 13 22:43:24
2025 5 28 20:56:43
2025 6 11 10:20:27
2025 6 16 10:11:21
2025 6 24 12:54:19
2025 7 7 11:45:33
2025 7 31 17:58:14
2025 8 12 15:03:35
2025 8 21 19:02:39