2023 2 21 11:48:51
2023 2 21 11:50:16
2023 2 21 11:56:49
2023 2 21 11:57:12
2023 2 21 11:57:31
2023 2 21 11:57:53
2023 2 21 12:06:10
2023 2 21 12:06:36
2023 2 21 12:06:54
2023 2 21 12:07:09
2023 2 21 12:07:25
2023 2 21 12:09:42
2023 2 21 12:12:29
2023 2 21 12:13:22
2023 2 21 12:14:41
2023 2 21 12:16:09
2023 2 21 12:17:14
2023 2 21 12:25:54
2023 2 21 12:33:36
2023 2 21 12:36:18
2023 2 21 12:36:59
2023 2 21 12:52:47
2023 2 21 12:53:56
2023 2 21 12:59:41
2023 2 21 13:02:38
2023 2 21 13:04:26
2023 2 21 13:34:05
2023 2 21 13:35:27
2023 2 21 13:37:59
2023 2 21 13:44:44
2023 2 21 13:46:32
2023 2 21 13:51:39
2023 2 21 13:53:35
2023 2 21 13:57:24
2023 2 21 13:59:28
2023 2 21 14:03:20
2023 2 21 14:08:12
2023 2 21 14:09:46
2023 2 21 14:11:47
2023 2 21 14:14:51
2023 2 21 14:16:58